106
145
143
87
92
114
76
44
132
71
49
92
150
60
104
120
98
63
59
50
42
99
100
107
77
87
109
90
127
127
131
104
137
131
139
82
90
53
73
58
101
49
140
124
102
147
45
150
54
93
83
87
93
79
140
49
109
54
109
108
84
63
99
44
50
81
140
56
46
71
100
58
98
41
141
112
117
112
121
106
61
63
48
134
82
105
63
106
75
125
139
89
77
102
149
142
50
77
140
111
108
57
131
82
149
109
61
91
73
134
40
108
48
128
121
98
53
144
64
124
129
56
49
133
143
119
68
144
108
60
74
67
43
88
130
112
41
53
88
68
108
134
86
59
125
48
132
85
43
141
83
107
146
135
101
146
69
91
147
105
105
86
89
99
121
95
70
120
100
102
139
115
145
116
93
55
147
60
54
64
48
81
131
100
143
63
138
59
58
88
111
130
126
47
93
86
113
97
102
83
139
96
132
69
117
87
43
75
97
54
124
146
62
97
118
60
64
139
49
109
74
114
125
145
61
43
67
48
69
58
80
141
65
118
40
105
138
71
45
47
100
92
51
117
125
40
86
75
121
42
93
107
113
129
74
40
99
106
87
119
117
43
126
65
117
141
56
63
112
94
56
87
61
74
46
98
141
149
40
46
77
127
144
61
63
134
83
107
49
129
150
111
94
111
96
79
131
147
126
42
117
102
123
47
131
67
79
55
45
64
67
49
142
68
142
82
139
108
70
128
122
147
99
112
95
42
66
76
110
94
65
136
74
41
147
40
135
106
148
88
41
71
86
57
79
80
83
75
41
147
54
104
148
116
53
128
120
130
96
123
55
48
150
101
125
58
62
118
115
41
133
90
81
91
140
50
77
56
98
79
56
121
93
148
109
79
77
123
139
92
119
133
59
122
135
71
149
123
48
52
83
139
78
68
82
108
103
126
102
134
125
103
126
93
119
86
72
108
60
131
67
144
96
144
124
40
84
107
105
103
119
95
51
93
127
100
128
41
133
149
129
143
64
42
124
44
146
74
82
44
71
130
110
137
81
143
48
100
112
55
45
112
84
63
121
113
88
128
118
118
147
42
91
97
53
120
101
56
42
42
41
101
106
131
107
136
41
137
62
148
133
96
95
62
141
150
84
78
138
114
74
42
110
60
127
136
119
146
81
49
50
115
148
101
133
144
134
52
47
120
142
108
45
133
145
57
66
84
111
147
123
57
108
123
125
107
56
46
108
138
141
68
120
43
141
61