112
159
135
171
168
165
190
102
125
132
153
119
162
135
180
191
110
144
100
138
133
162
198
191
103
149
159
147
120
111
122
117
142
128
164
196
105
181
195
151
130
144
111
198
133
146
124
140
149
174
159
115
194
115
184
182
179
196
190
155
131
156
133
152
197
124
191
107
181
166
191
110
177
159
109
102
121
169
109
111
146
166
107
177
111
200
175
132
183
192
153
150
193
130
139
183
118
155
108
155
186
143
106
124
135
174
113
162
192
176
172
189
172
179
182
144
144
138
187
119
148
174
132
113
197
133
134
111
146
182
176
158
137
112
184
148
107
155
162
119
194
188
191
115
111
122
125
102
167
162
165
190
142
149
193
186
181
183
164
198
158
140
138
186
113
105
193
176
170
166
194
161
169
113
109
103
193
181
162
137
135
163
188
125
122
183
122
158
170
138
115
193
200
191
151
197
196
119
169
172
180
129
170
142
107
123
151
116
193
102
180
108
128
138
176
174
175
145
123
118
130
173
162
180
135
157
190
157
107
146
149
184
153
128
119
135
196
155
117
137
165
144
162
195
152
175
141
173
129
128
159
192
148
112
124
151
162
125
107
186
123
151
180
177
106
115
139
101
154
134
192
184
116
116
118
180
113
164
150
179
147
192
194
112
152
118
191
137
164
170
163
134
177
180
108
143
103
112
191
117
159
186
169
144
107
123
115
191
106
166
188
117
148
125
185
182
131
172
184
188
115
149
101
181
152
125
114
110
132
156
156
187
122
137
125
179
124
188
143
125
186
101
162
132
149
117
138
102
121
100
188
158
100
182
123
135
172
168
162
193
189
197
134
177
132
103
182
174
162
169
196
198
121
143
124
169
175
150
138
154
153
172
146
163
152
117
179
169
128
186
118
171
191
194
162
186
102
187
188
191
120
196
150
120
139
124
174
163
162
120
176
146
144
195
111
131
142
148
156
127
130
116
131
103
184
197
137
142
134
197
101
199
144
141
122
150
197
167
130
105
112
183
138
109
114
133
186
143
187
184
194
183
114
151
130
185
161
125
159
196
154
190
148
164
153
152
130
114
180
109
100
100
199
101
162
122
129
182
155
145
120
168
147
162
168
113
122
149
187
174
176
107
142
166
178
142
105
101
189
159
111
167
163
121
142
131
164
143
178
138
153
101
134
105
194
188
133
184
138
170
165
106
137
162
148
103
122
113
172
133
154
119
111
151
103
183
159
141
178
116
156
121
147
125
178
153
126
178
131
140
142
186
139
177
108
196
170
145
116
145
156
184
169
196
158
132
113
142
174
161
169
165
157
120
158
129
115
153
106
147
195
110
163
109
192
119
168
129
166
104
185
175
168
134
143
145
122
115
124
124
148
132
180
151
109
129
119
130
198
113
169
130
162
126
174
130
101
126
153
195
197
146
128
127
140
157
104
135
149
156
199
194
186
133
103
105
169
152
167
170
181
132
194
170
140
122
165
111
149
200
128
197
183
152
117
145
108
163
146
166
153
122
141
153
168
193
179
158
127
143
106
155
115
158
185
161
185
114
188
147
112
143
127
185
134
111
189
151
136
115
138
142
159
149
126
124
160
130
183
140
179
174
143
106
109
191
142
148
161
161
135
171
188
191
130
168
162
172
145
128
138
199
155
200
132
119
171
120
106
121
109
194
143
184
113
122
101
118
165
191
173
141
170
165
105
160
123
116
141
170
184
100
176
165
106
135
137
128
114
120
163
169
155
146
160
172
133
158
167
173
149
143
111
138
146
188
183
176
135
180
180
157
156
158
123
197
106
103
110
155
134
114
112
137
173
158
107
140
173
133
129
190
151
177
100
152
172
146
194
199
155
147
100
195
152
160
107
109
151
164
122
103
148
159
120
112
160
119
157
144
133
185
185
148
115
191
136
175
121
153
187
144
183
130
119
174
104
159
108
161
200
176
172
133
139
116
199
191
129
147
112
178
146
104
200
196
173
182
151
103
169
110
123
115
180
189
142
148
109
129
163
136
153
190
176
136
155
164
177
198
107
151
200
129
112
114
200
163
171
142
146
166
177
177
157
195
124
139
162
179
160
181
163
114
108
130
176
169
103
126
156
156
157
127
166
145
161
176
122
185
123
172
107
137
180
123
169
188
140
184
192
143
175
114
133
116
107
110
145
158
124
163
166
121
192
172
192
188
138
114
164
161
177
137
151
189
136
133
134
147
127
191
174
134
160
123
110
125
125
133
144
167
153
138
166
188
162
105
156
168
172
172
191
121
143
108
194
179
199
117